output_path: /home/zwang264/scr4_berti/zipeng/PPE_with_Jax/jim/example/zw_test_batch_out/injection_45
downsample_factor: 10
seed: 9870
f_sampling: 2048
duration: 4
fmin: 30
ifos:
  - H1
  - L1
  - V1
m1: 28.58631766301169
m2: 25.828660021976887
s1_mag: 0.09586110815125637
s1_theta: 1.7765254934946706
s1_phi: 2.3268943651639744
s2_mag: 0.6945935684154585
s2_theta: 2.669498551732512
s2_phi: 1.1621028116605154
dist_mpc: 951.1332776150322
tc: 0.00478978307339965
phic: 1.7863336223788002
inclination: 1.5045952608167965
polarization_angle: 0.12312467444245383
ra: 4.228200071772928
dec: 0.03971408003944007
heterodyne_bins: 1001
log_likelihood: 94.36349027772795
