output_path: /home/zwang264/scr4_berti/zipeng/PPE_with_Jax/jim/example/zw_test_batch_out/injection_16
downsample_factor: 10
seed: 9590
f_sampling: 2048
duration: 4
fmin: 30
ifos:
  - H1
  - L1
  - V1
m1: 44.38777189217641
m2: 41.049803778940806
s1_mag: 0.7317054412705852
s1_theta: 1.6953822526712168
s1_phi: 2.374769801079513
s2_mag: 0.7370492162174522
s2_theta: 2.9715874830184528
s2_phi: 4.062521719771538
dist_mpc: 816.8164233856041
tc: -0.007339671661866065
phic: 5.601523157931547
inclination: 2.3160760201669426
polarization_angle: 1.3581117879508138
ra: 0.2709171637297376
dec: 0.6269546325738553
heterodyne_bins: 1001
log_likelihood: 965.0837688583811
