output_path: /home/zwang264/scr4_berti/zipeng/PPE_with_Jax/jim/example/zw_test_batch_out/injection_34
downsample_factor: 10
seed: 5891
f_sampling: 2048
duration: 4
fmin: 30
ifos:
  - H1
  - L1
  - V1
m1: 38.15690452674633
m2: 32.36181604296186
s1_mag: 0.22373319969729277
s1_theta: 2.7920532534558045
s1_phi: 3.7210449291878396
s2_mag: 0.6573305548406487
s2_theta: 0.37220637981937027
s2_phi: 1.9874353262284796
dist_mpc: 1128.4619013684496
tc: 0.007339137394067453
phic: 2.6671690873088956
inclination: 1.2000440462938662
polarization_angle: 1.9722599459346841
ra: 1.4292232370915272
dec: -0.19065010131410898
heterodyne_bins: 1001
log_likelihood: 30.912374694892556
