output_path: /home/zwang264/scr4_berti/zipeng/PPE_with_Jax/jim/example/zw_test_batch_out/injection_7
downsample_factor: 10
seed: 4244
f_sampling: 2048
duration: 4
fmin: 30
ifos:
  - H1
  - L1
  - V1
m1: 89.26956724885162
m2: 62.90477715072067
s1_mag: 0.7614564720425958
s1_theta: 1.349053351202606
s1_phi: 0.9564135744746545
s2_mag: 0.22827956036432673
s2_theta: 0.32842212877821114
s2_phi: 5.9646257806635505
dist_mpc: 718.4905380940934
tc: -0.001212301436048599
phic: 0.1427681754720063
inclination: 1.052037717742859
polarization_angle: 1.590257658223167
ra: 0.22686750755159935
dec: -0.736666476805629
heterodyne_bins: 1001
log_likelihood: 38.60581884481079
