output_path: /home/zwang264/scr4_berti/zipeng/PPE_with_Jax/jim/example/zw_test_batch_out/injection_88
downsample_factor: 10
seed: 1813
f_sampling: 2048
duration: 4
fmin: 30
ifos:
  - H1
  - L1
  - V1
m1: 39.488542923012105
m2: 34.65594680124808
s1_mag: 0.7168128242015779
s1_theta: 0.8027452523678089
s1_phi: 4.03453121898483
s2_mag: 0.8608618961474896
s2_theta: 0.19913058660028282
s2_phi: 4.05511412659158
dist_mpc: 804.9652329840984
tc: -0.0014501937483380137
phic: 2.8812441418523855
inclination: 1.1612318427717165
polarization_angle: 0.862902492618725
ra: 0.16310938409415812
dec: 0.9565002927831906
heterodyne_bins: 1001
log_likelihood: 451.5780432542749
