output_path: /home/zwang264/scr4_berti/zipeng/PPE_with_Jax/jim/example/zw_test_batch_out/injection_61
downsample_factor: 10
seed: 5578
f_sampling: 2048
duration: 4
fmin: 30
ifos:
  - H1
  - L1
  - V1
m1: 104.98004836496523
m2: 72.4620226363314
s1_mag: 0.03637538023288356
s1_theta: 1.9012902815735588
s1_phi: 0.47472869584070987
s2_mag: 0.7713039146421552
s2_theta: 2.4307187713727525
s2_phi: 6.060695098262491
dist_mpc: 1264.555191986602
tc: -0.0019404588818255197
phic: 1.7918019502349725
inclination: 2.4911810536687606
polarization_angle: 1.3148936413574492
ra: 2.8524356813007676
dec: 0.9173500910741474
heterodyne_bins: 1001
log_likelihood: 98.71568433655602
