output_path: /mnt/home/wwong/ceph/GWProject/JaxGW/RealtimePE/ppPlots/injection_26
downsample_factor: 10
seed: 9866
f_sampling: 2048
duration: 16
fmin: 30
ifos:
  - H1
  - L1
m1: 45.83666518760738
m2: 43.85387081147894
chi1: -0.3884050202764605
chi2: -0.01385254347363285
dist_mpc: 411.78955142985495
tc: 0.14209878911731888
phic: 4.037087228130469
inclination: 1.4931823395002113
polarization_angle: 2.6636577704157407
ra: 6.204781034047059
dec: 0.24329325205940763
heterodyne_bins: 1001
n_dim: 11
n_chains: 1000
n_loop_training: 40
n_loop_production: 10
n_local_steps: 200
n_global_steps: 200
learning_rate: 0.001
max_samples: 50000
momentum: 0.9
num_epochs: 60
batch_size: 50000
stepsize: 0.01
