output_path: /mnt/home/wwong/ceph/GWProject/JaxGW/RealtimePE/ppPlots/injection_203
downsample_factor: 10
seed: 6199
f_sampling: 2048
duration: 16
fmin: 30
ifos:
  - H1
  - L1
  - V1
m1: 44.9874933444562
m2: 34.22893332856121
chi1: -0.10026593180890286
chi2: 0.2250965892530974
dist_mpc: 756.3037060150606
tc: 0.08189423602712018
phic: 1.1903655975899228
inclination: 1.3141107448156706
polarization_angle: 2.0241884314944927
ra: 3.6520454167972867
dec: -0.6617218817600116
heterodyne_bins: 1001
n_dim: 11
n_chains: 1000
n_loop_training: 5
n_loop_production: 5
n_local_steps: 200
n_global_steps: 200
learning_rate: 0.001
max_samples: 50000
momentum: 0.9
num_epochs: 240
batch_size: 50000
stepsize: 0.01
